     A    B    C    D    E    F    G    H    I    J
A  0.0  0.4  0.4  0.0  0.0  0.0  0.0  0.2  0.0  0.0
B  0.0  0.0  0.5  0.5  0.0  0.0  0.0  0.0  0.0  0.0
C  0.0  0.0  0.0  0.0  0.0  0.4  0.4  0.0  0.0  0.2
D  0.0  0.0  0.2  0.0  0.8  0.0  0.0  0.0  0.0  0.0
E  0.0  0.0  0.0  0.0  0.0  0.0  0.0  0.0  1.0  0.0
F  0.0  0.0  0.0  0.3  0.7  0.0  0.0  0.0  0.0  0.0
G  0.0  0.0  0.0  0.0  0.4  0.0  0.0  0.0  0.6  0.0
H  0.0  0.0  0.0  0.0  0.0  0.0  0.1  0.0  0.0  0.9
I  0.0  0.0  0.2  0.0  0.0  0.0  0.0  0.8  0.0  0.0
J  0.0  0.0  0.0  0.0  0.0  0.0  0.0  0.0  0.0  1.0
